Technical Report: Digit Dataset with 1 Hidden Layer ANN
-----------------------------------------------------
Algorithm: Artificial Neural Network (ANN) with 1 Hidden Layer
-----------------------------------------------------
Model Architecture:
Model: "sequential_35"
_________________________________________________________________
Layer (type)                 Output Shape              Param #   
=================================================================
dense_105 (Dense)            (None, 20)                15700     
_________________________________________________________________
dense_106 (Dense)            (None, 10)                210       
_________________________________________________________________
dense_107 (Dense)            (None, 10)                110       
=================================================================
Total params: 16,020
Trainable params: 16,020
Non-trainable params: 0
_________________________________________________________________

Initial Settings:
Sampling the parameters k0 and k1 from some distribution: Using default initialization in Keras (uniform or normal)
-----------------------------------------------------

Parameter Updates on Epochs:
Training the model using Adam optimizer with default settings.
-----------------------------------------------------

Final Parameter Values at the End of Training:
[[-1.08769685e-02 -4.45925854e-02 -3.01698484e-02 ... -6.21014386e-02
   1.01876184e-02 -5.25585674e-02]
 [ 6.40667379e-02 -4.91866469e-03 -1.16736963e-02 ... -4.26834077e-03
  -4.67929207e-02  4.80872989e-02]
 [ 1.58771351e-02  4.06783521e-02  4.80463654e-02 ... -1.00507736e-02
  -4.65288758e-05 -7.19533563e-02]
 ...
 [-5.06473631e-02 -5.47243431e-02  5.31189293e-02 ... -1.70828179e-02
   2.37546787e-02  2.97891349e-03]
 [-1.54903382e-02 -4.34680730e-02  7.50987530e-02 ...  2.47796327e-02
  -6.36286512e-02 -1.41519606e-02]
 [ 1.58047602e-02 -6.87398762e-02  4.87469137e-04 ...  8.58399272e-02
   2.71297023e-02  5.23832440e-03]]
[ 0.2322312  -0.37883985  0.69367987 -0.42611554 -0.5151869  -0.36155125
 -0.1698336  -0.58113986  0.38717952  0.2137768  -0.51435333 -0.31316152
  0.24136212 -0.5173022  -0.0071047  -0.54857093 -0.24352494  0.43230566
 -0.27279252 -0.21660289]
[[-0.27922037 -1.551568    1.4573364  -0.4399575   0.13082662 -0.13342
   1.0305192  -2.2633333   1.6800023  -0.758185  ]
 [-3.0178323  -1.4610692  -1.3989427   1.5290576  -1.88731     1.0623841
  -0.8255254   0.4944504   1.6633197   1.4686885 ]
 [ 0.09330206  1.3916963   0.6114861  -1.6906072  -1.3944621   0.29395708
   2.0476258  -1.9410695  -1.1823304   1.5209104 ]
 [ 1.1338053   1.1277349  -1.2068374   0.8290497   0.4924344   1.1767125
  -0.1836542   0.7995912  -2.0252748   0.62747794]
 [ 1.149706   -1.4247541   1.8232331   0.93921775 -1.1041785   0.74863625
  -1.6185313   1.2187937  -0.5579196   0.30363736]
 [-0.09213752 -1.5146028   0.3035718  -1.7101027   1.3369305   1.635819
  -0.07559646 -0.24857722  0.59164834  0.03305411]
 [-2.676154   -0.17458531 -0.6002074   1.1467166   0.5376678   0.97467554
  -0.2072953   0.6452385   2.672085    0.67043954]
 [ 0.22261459  0.7701188   0.6409188   1.3673801  -0.39238548 -1.126123
  -0.98031765  1.3562874   0.954949    0.44356605]
 [ 1.4378453   1.3928682  -0.5492212  -0.32175463  0.34759578 -2.808513
  -0.53726494 -0.0953238   0.9973577  -0.55531543]
 [-0.17621242  3.3228414  -0.8554198   0.0802429   1.7150028  -0.68537396
   2.3020675  -0.7998799   1.3947382   0.61556697]
 [ 0.8263271   0.21412106 -1.1682631  -0.13073765  1.5598925   0.36650595
  -1.828359    1.950829   -0.84801745 -0.75906914]
 [ 1.8221283  -1.0475099   1.0942936  -0.46091256 -0.73684186 -0.12804298
   0.56445384 -1.6581588  -1.414117    0.40513414]
 [-3.254315   -0.36599365  0.49074405  1.4632865   1.5759121   0.14144528
   1.1396765  -0.7460464  -1.6966637  -2.3037808 ]
 [-1.5570627  -0.04615814 -0.54752356 -1.0056459   0.8822406   1.3395735
   0.27873757  0.04708897  2.247508    1.2785124 ]
 [-0.37678984 -0.38091362  0.68836415  1.3656361   0.95412683 -0.58224404
   0.22097743  1.3770489  -1.2037172  -1.8730638 ]
 [-1.9956089  -0.9935106   0.39285213 -1.770273    1.8394192   2.330506
  -0.23452097  0.07543264  0.3809124  -0.03277276]
 [-0.68313694 -0.6333134   1.2447531   1.5011382  -1.124482   -1.2923734
  -0.75422317  0.11590034  1.1335497   0.9334412 ]
 [-1.3041893   0.6972522  -2.1388197  -0.8001723   0.29920685  0.78258765
   1.6970446   0.620091    0.11049173 -1.4118677 ]
 [-0.8957206   1.6232914  -0.5340664   0.00599921 -2.304052    0.06856627
   0.6326461  -0.26744133 -0.29243782  2.3958805 ]
 [-0.8795538   0.30418196  0.18234377  2.0340164   0.04330771 -1.307262
  -0.97648025  0.46648562  1.5011333  -0.2761144 ]]
[-0.3764867   0.14357935  0.19474727  0.11366648  0.49456856 -0.03543773
  0.3608377   0.07350972  0.44202435 -0.40964082]
[[-2.3451493  -3.3642507  -2.9147954   2.5633845  -2.8235037   0.11722255
  -2.0788403  -2.2635949   2.04105     3.279854  ]
 [-3.8484004   2.0773354  -3.0831196  -2.454853    1.7506506   1.0970306
  -3.6154997   1.2293074   0.48256764  1.6080998 ]
 [ 2.266727   -2.770888    0.12768382  1.1445159  -2.507885    1.9055017
  -0.11202426 -3.186284    0.650969   -2.6148672 ]
 [-1.0875747   1.7816195   0.64417654  0.7437352  -4.4810557   1.3272803
  -2.4516757   1.273087    0.99398774 -2.8055425 ]
 [ 1.096673   -2.6746967   0.05151384  1.5784352   0.81009996 -1.4083718
  -4.5618925   1.8951851  -3.484503    0.95084065]
 [ 2.1035876  -3.5239553   2.3922696  -2.8212047   0.74619913 -3.264453
   2.1586976   0.28576455 -0.8471836   0.3462855 ]
 [ 1.645021   -3.3822365  -3.7676826  -2.1011631   0.4442903   1.9422116
   1.4239213   0.644508   -1.7571229   1.171525  ]
 [-2.5761619   1.6197652   1.4046855   0.21781924 -0.5758149  -4.6338687
  -3.4914703   2.1785886   1.3952993  -0.8461805 ]
 [-4.0738173   2.7786076   0.7704894   0.90370476  2.3048706   0.58916295
   1.7586018  -1.0412892  -3.1585019  -4.0367074 ]
 [-1.9468762   0.63512564  0.72074    -2.137064    0.88045865  0.24428712
   1.8654993  -3.9278417   1.3820177   0.11993939]]
[ 0.6016844   0.32662675 -0.22327128  0.11939763 -0.61039853 -0.17113623
  0.8986623  -0.5433172   0.06406263 -0.16494776]
-----------------------------------------------------

Train Loss: 0.1661
Test Loss: 0.1886
Train Accuracy: 0.9526
Test Accuracy: 0.9448
F1-Score (Weighted): 0.4780
-----------------------------------------------------
