Technical Report: Bank Dataset with 1 Hidden Layer ANN
-----------------------------------------------------
Algorithm: Artificial Neural Network (ANN) with 1 Hidden Layer
-----------------------------------------------------
Model Architecture:
Model: "sequential_27"
_________________________________________________________________
Layer (type)                 Output Shape              Param #   
=================================================================
dense_81 (Dense)             (None, 20)                100       
_________________________________________________________________
dense_82 (Dense)             (None, 10)                210       
_________________________________________________________________
dense_83 (Dense)             (None, 1)                 11        
=================================================================
Total params: 321
Trainable params: 321
Non-trainable params: 0
_________________________________________________________________

Initial Settings:
Sampling the parameters k0 and k1 from some distribution: Using default initialization in Keras (uniform or normal)
-----------------------------------------------------

Parameter Updates on Epochs:
Training the model using Adam optimizer with default settings.
-----------------------------------------------------

Final Parameter Values at the End of Training:
[[-0.51773316  0.6244451   0.11448912  0.24637952 -0.01955289 -0.09110846
   0.2530899  -0.09012175  0.12382434  0.52572155  0.27037182  0.33547187
  -0.5684925  -0.43202034 -0.4188841   0.21620588 -0.38477337 -0.23190068
   0.01410242 -0.25190878]
 [-0.18486214  0.5737049  -0.41848326  0.12074432  0.43576646  0.04780756
  -0.12283461 -0.3023215   0.2790243   0.34828654  0.22402918  0.10941167
  -0.15064757  0.1054742   0.37898624 -0.07822306 -0.18880537  0.40545133
   0.0890643  -0.420392  ]
 [-0.2425333   0.6260514   0.4756726   0.1753912  -0.16966528 -0.09606729
   0.16696216  0.46023238  0.3011052  -0.32328406  0.4494468   0.08064661
   0.26222074  0.29446417 -0.0044978   0.14858854 -0.05737142 -0.5171919
  -0.0125171  -0.35602748]
 [-0.25645116 -0.39389881 -0.45004377  0.39842245 -0.55506617  0.2953838
   0.11046414  0.36378446 -0.02979089 -0.1873034  -0.20122878  0.32625607
  -0.1135086   0.41618758  0.09936774  0.15398516 -0.18619317  0.00752143
   0.54825956  0.41452622]]
[ 0.22402513  0.11816254  0.0036545  -0.06730835  0.05242733 -0.02698656
 -0.10262883 -0.00643436  0.05709653 -0.05179887  0.10993534  0.0395832
  0.14163822  0.01722109 -0.0822392  -0.06271242  0.18384776  0.09823564
  0.02953644  0.2552092 ]
[[ 0.26887423  0.45279974  0.22224124  0.09138517 -0.16099039 -0.52448195
  -0.53258747  0.30422634 -0.3725193   0.29582915]
 [-0.12550092 -0.09325094  0.4555833  -0.0958631  -0.08255563  0.08373097
   0.01824651 -0.4289042   0.12445372  0.18478629]
 [ 0.32280132  0.38279596  0.4184709   0.26465446  0.43553954  0.29052192
  -0.0828436  -0.21401943  0.07806575  0.15036821]
 [ 0.11635315  0.36407676 -0.2188294   0.2573196  -0.35195917 -0.3303508
  -0.05461726 -0.3314517  -0.12673706  0.40886837]
 [-0.02637121  0.45349354 -0.16907734 -0.00537185 -0.00829003  0.07558303
   0.2538797  -0.30977976 -0.38567063 -0.17837937]
 [ 0.09754347  0.03683396 -0.27530393 -0.25269094  0.16854264 -0.03815742
  -0.200267    0.3099161  -0.32596308 -0.4245975 ]
 [-0.49743262  0.31426772 -0.17975017 -0.04912983 -0.04633005 -0.08907597
  -0.02987804 -0.20601809 -0.23974733  0.2420498 ]
 [ 0.36283228 -0.15096371  0.02609632  0.2749996  -0.14999084  0.09229194
   0.21820739  0.17661752 -0.28185967 -0.07774481]
 [ 0.20746058 -0.43270284  0.43531844  0.3479411   0.10841728  0.14206463
   0.50706077 -0.00784688  0.0515137  -0.21333359]
 [ 0.19777277 -0.41886345  0.17474332  0.11205389 -0.36495268  0.12211294
   0.05662481 -0.32473215 -0.31006843 -0.08672605]
 [-0.36377627  0.252149    0.0561618  -0.37809843  0.45860985 -0.16861506
   0.5656371  -0.17449029 -0.098297    0.47890952]
 [-0.3106002  -0.10483637  0.1588342   0.08708548  0.17774974  0.341765
   0.18166223 -0.26750183 -0.31181377  0.06440311]
 [ 0.3038521   0.39506602 -0.23715518 -0.14822073  0.0257976  -0.4520908
  -0.054522   -0.48982665 -0.06752169 -0.03472788]
 [ 0.22147071  0.5248831  -0.08589602  0.09116683  0.19404814  0.27111337
  -0.3298357  -0.03669334 -0.40201673  0.25292727]
 [-0.13051206  0.20953256  0.3370025  -0.388729    0.08703692  0.36645365
  -0.36851263  0.16904317 -0.11516258 -0.04445205]
 [ 0.21601044 -0.4221891   0.20453636  0.1995395   0.3721692   0.24483417
   0.05585273  0.18223785 -0.06377491 -0.23265006]
 [ 0.6110041   0.42807847 -0.5878709   0.28362423 -0.07893253 -0.36786282
  -0.22682798 -0.39196515 -0.07824615 -0.57036597]
 [ 0.25566617  0.29397285 -0.28232044  0.3857544   0.05894935 -0.0960045
  -0.03518242  0.11878221  0.13571447  0.20067507]
 [ 0.3125158   0.31065443  0.02232686  0.33816284 -0.5066478  -0.2557866
   0.34958157  0.23836939  0.22759253  0.38779286]
 [ 0.5426001   0.40520036 -0.43362772 -0.18968436  0.11095471 -0.2835415
   0.0170093  -0.06144131  0.05897224 -0.4090478 ]]
[ 0.19590585  0.09456912  0.10723506  0.0302897  -0.07176765 -0.06410553
  0.02954351 -0.07927987  0.         -0.00405005]
[[ 0.29159766]
 [ 0.61834085]
 [-0.85857546]
 [ 0.35116577]
 [-0.4722261 ]
 [-0.6416783 ]
 [-0.52023816]
 [-0.6450654 ]
 [-0.576956  ]
 [-0.6816955 ]]
[0.08841445]
-----------------------------------------------------

Train Loss: 0.0526
Test Loss: 0.0604
Train Accuracy: 0.9980
Test Accuracy: 1.0000
F1-Score (Weighted): 0.3766
-----------------------------------------------------
