Technical Report: Iris Dataset with 1 Hidden Layer ANN
-----------------------------------------------------
Algorithm: Artificial Neural Network (ANN) with 1 Hidden Layer
-----------------------------------------------------
Model Architecture:
Model: "sequential_52"
_________________________________________________________________
Layer (type)                 Output Shape              Param #   
=================================================================
dense_153 (Dense)            (None, 20)                100       
_________________________________________________________________
dense_154 (Dense)            (None, 10)                210       
_________________________________________________________________
dense_155 (Dense)            (None, 3)                 33        
=================================================================
Total params: 343
Trainable params: 343
Non-trainable params: 0
_________________________________________________________________

Initial Settings:
Sampling the parameters k0 and k1 from some distribution: Using default initialization in Keras (uniform or normal)
-----------------------------------------------------

Parameter Updates on Epochs:
Training the model using Adam optimizer with default settings.
-----------------------------------------------------

Final Parameter Values at the End of Training:
[[ 0.22877988 -0.24477907 -0.4476956  -0.40416896  0.41064283 -0.17565478
  -0.05672081  0.15901771 -0.41237503 -0.2698224  -0.2215564  -0.26135296
   0.16563287  0.27942276 -0.353323    0.35175782 -0.03561552  0.37997186
  -0.2432897   0.03976624]
 [-0.09982231 -0.05105335  0.14514375  0.22553755 -0.01452021 -0.34800607
  -0.24599646 -0.19403312 -0.21626928 -0.04264795  0.0255069  -0.09029461
  -0.01566251  0.00618057 -0.09139872 -0.16174647  0.10903504  0.48034236
  -0.24936295  0.02007664]
 [ 0.20702851  0.34596625  0.1266259  -0.4736452  -0.22177638 -0.5340425
   0.2552426   0.41113532 -0.09802675 -0.16803214 -0.24641477 -0.45002538
   0.01503579 -0.03726292  0.17628038  0.01921722  0.27380762 -0.248131
  -0.2303279  -0.19733454]
 [ 0.29949206 -0.4842591   0.42352006 -0.25527734  0.28477633 -0.3389249
  -0.36560822  0.30229706 -0.24323103  0.30642    -0.43150803 -0.08468878
   0.11027204  0.00652321  0.46028984  0.12283958  0.36941782 -0.2932897
  -0.1453685   0.44558185]]
[ 0.03561823  0.01549106  0.0365791  -0.03259493  0.03383861 -0.038099
  0.01561266 -0.03835093 -0.03436693  0.04128823  0.0107473  -0.0289579
 -0.04002987  0.03154865 -0.03541099 -0.03920237 -0.03961047  0.03123329
  0.03435951  0.02521161]
[[-0.14919636  0.08077055  0.15808481 -0.09433382 -0.31957963  0.37852362
  -0.0963396  -0.21099415 -0.2953453   0.18206261]
 [-0.07891044 -0.00100073 -0.20556262 -0.08310045 -0.34107077  0.42690042
   0.02982247  0.27215576 -0.40825012  0.04372152]
 [ 0.37529746  0.04626299  0.24507332 -0.23553221 -0.21312597 -0.01665404
  -0.36141562  0.17461549  0.3690125  -0.08553697]
 [-0.15463811  0.01230544  0.03137132 -0.12682246  0.17349452  0.2536778
   0.4788787   0.12779401 -0.12583846 -0.1507787 ]
 [ 0.23408696 -0.06298457 -0.358635    0.1817823   0.12536243 -0.17569412
  -0.16555768 -0.2693004  -0.4145889  -0.0677705 ]
 [ 0.05748376 -0.47949386  0.14712803 -0.32756078  0.01393567 -0.34506834
  -0.15549538 -0.1474645  -0.0042533  -0.19679797]
 [ 0.24234691 -0.21250741 -0.4473594  -0.15740342 -0.39705184 -0.05194032
   0.1310816  -0.00466779 -0.3940012   0.01334966]
 [ 0.03363175 -0.25600657 -0.2548475  -0.412805    0.31763104  0.22791061
  -0.25781718 -0.11130787 -0.39146197 -0.23686592]
 [-0.17028272  0.25527984  0.1518597  -0.37665445  0.14574187 -0.3151052
   0.4068942   0.13785969 -0.04093396 -0.09556197]
 [-0.13686934 -0.35303107  0.3343552   0.343561    0.24618843  0.10464035
  -0.30442974 -0.08939581 -0.32754788 -0.03828465]
 [ 0.15462601 -0.02559846  0.03013308 -0.02845583  0.11043581 -0.12445847
  -0.3324252   0.4284384   0.18401018 -0.20670716]
 [ 0.2604936   0.26897717  0.03508606 -0.290989    0.287581    0.2670796
  -0.09263811  0.01009127  0.25854474  0.19002251]
 [ 0.3210479  -0.25400066  0.05268551 -0.22050665 -0.22685665  0.31401515
   0.05529423  0.4164073  -0.37688696 -0.05206074]
 [ 0.11104778  0.02900007  0.4748075   0.30701962 -0.16182955 -0.430686
   0.0859132   0.1298473  -0.3193917  -0.20570381]
 [ 0.1924938  -0.40489754  0.3758319   0.08378573 -0.05318045  0.2628859
   0.11483581 -0.05303157  0.2906971  -0.14199622]
 [ 0.12312277 -0.29854757 -0.28592503 -0.33161473 -0.16486654  0.41774485
   0.28058416 -0.33496755 -0.09121167  0.46409914]
 [-0.04210128 -0.35901946  0.06883282 -0.35413092  0.15225986 -0.09743438
   0.10489943  0.4237813  -0.16280068 -0.03188035]
 [-0.01310963  0.05618518 -0.40430337 -0.23969823 -0.3038361   0.06437103
  -0.12859593  0.3970318   0.17983942  0.18716183]
 [ 0.29295114  0.03963557  0.24278629  0.30683663  0.4196622  -0.4153303
  -0.10478379  0.40589797  0.28079766 -0.27763194]
 [ 0.4061542   0.11124243 -0.14179961 -0.37622488 -0.43049777 -0.24298868
   0.07036998 -0.43326798  0.26470748  0.04769096]]
[ 3.4118298e-02  3.6464550e-02  3.7387736e-02  3.5845872e-02
 -2.9615112e-02 -2.6682263e-02 -3.4425136e-02 -8.0130703e-05
  3.0979998e-02  2.5665738e-02]
[[-0.2645119  -0.6003806   0.32488996]
 [ 0.5570394  -0.20889215 -0.01345813]
 [ 0.4571948  -0.2993078  -0.10410137]
 [ 0.61031836 -0.47216627 -0.25988927]
 [-0.5982518   0.43604523  0.1713744 ]
 [ 0.49871916  0.6404602  -0.53434825]
 [-0.51793367  0.18257879 -0.42935476]
 [-0.35456738  0.01261609  0.54000324]
 [ 0.6427879   0.30607703 -0.38752013]
 [-0.03227406 -0.01144207  0.44945425]]
[ 0.03342079 -0.03239796  0.02729744]
-----------------------------------------------------

Train Loss: 0.9874
Test Loss: 0.9744
Train Accuracy: 0.4722
Test Accuracy: 0.6333
F1-Score (Weighted): 0.5195
-----------------------------------------------------
