Technical Report: Cancer Dataset with 1 Hidden Layer ANN
-----------------------------------------------------
Algorithm: Artificial Neural Network (ANN) with 1 Hidden Layer
-----------------------------------------------------
Model Architecture:
Model: "sequential_31"
_________________________________________________________________
Layer (type)                 Output Shape              Param #   
=================================================================
dense_93 (Dense)             (None, 20)                620       
_________________________________________________________________
dense_94 (Dense)             (None, 10)                210       
_________________________________________________________________
dense_95 (Dense)             (None, 1)                 11        
=================================================================
Total params: 841
Trainable params: 841
Non-trainable params: 0
_________________________________________________________________

Initial Settings:
Sampling the parameters k0 and k1 from some distribution: Using default initialization in Keras (uniform or normal)
-----------------------------------------------------

Parameter Updates on Epochs:
Training the model using Adam optimizer with default settings.
-----------------------------------------------------

Final Parameter Values at the End of Training:
[[ 0.02140307 -0.32673177  0.13469455  0.05497742  0.00721207  0.10469425
  -0.32351628  0.02773789 -0.05030099  0.04996806 -0.2537241  -0.1752662
   0.00700039  0.13331199 -0.254122   -0.19818668 -0.3111359  -0.2447611
   0.12380728 -0.19744526]
 [-0.30720282 -0.25726426 -0.13135824  0.04152307 -0.2933971  -0.1238405
   0.16668683  0.13690889  0.31515455  0.32519692  0.11354175 -0.09520081
  -0.31289184 -0.06165695  0.29408592 -0.10268351 -0.14833808 -0.23545519
   0.07177492 -0.14777617]
 [ 0.3351293  -0.03662027  0.09396309  0.20106523 -0.19233988 -0.27274388
   0.11126906  0.22258776  0.14802352  0.18908042  0.32243517  0.13736728
   0.3009563  -0.09376445 -0.18830165 -0.10698946 -0.18809274 -0.17664696
   0.22602291 -0.26548448]
 [-0.03463848 -0.35708508 -0.23584461 -0.2942067   0.0323362   0.1586746
   0.15867269 -0.06941864 -0.0255959   0.29460984 -0.26241052 -0.18555056
   0.2617479   0.24378544 -0.31387573 -0.26639405  0.07487344 -0.09890029
   0.22725102  0.01749691]
 [-0.16247824 -0.18685919  0.32873893 -0.26413548  0.16598739 -0.08767176
   0.16547024 -0.20018503  0.19119537 -0.07918358  0.03316377 -0.02457634
   0.02595642  0.09457982  0.33091527 -0.10906364 -0.18230918  0.29537106
  -0.20099181  0.16647673]
 [-0.20135432 -0.08920498 -0.24549723  0.08545995 -0.04527692  0.17861676
  -0.12479806  0.26280147 -0.1816081   0.0678857  -0.3116825  -0.18652183
   0.33547968  0.24587756 -0.14020096  0.05861473 -0.15223807  0.12707517
   0.28456777  0.2907496 ]
 [ 0.24510323 -0.33805144  0.29178602 -0.01419485  0.02393361  0.20256084
  -0.18319854  0.23011976  0.09663805  0.08999634  0.29736242 -0.34111047
   0.12566262  0.04412884  0.01089263  0.3214     -0.10565629 -0.03612474
  -0.29437435 -0.14207222]
 [-0.23343857 -0.05601735 -0.03398001  0.02211895 -0.25230995 -0.01272523
  -0.05650818  0.145711    0.10592452  0.21653384 -0.19013974  0.17433119
  -0.06638899  0.2523051   0.17196101  0.01791406 -0.29757747  0.09069291
   0.18485887  0.09355173]
 [ 0.0081189   0.20931731 -0.2903156   0.28633112  0.0522824  -0.16350546
   0.26155108 -0.17721435  0.24348557  0.03168127 -0.12069977  0.22277528
   0.2290886   0.07977048 -0.0025475   0.3382833  -0.11169779  0.19948995
   0.04220512 -0.13312088]
 [ 0.06992768 -0.26221442 -0.01510343 -0.24726467  0.14489408 -0.04725215
   0.28454995  0.02162313 -0.13837323  0.187576    0.1901364  -0.3157897
  -0.15902741  0.05714634  0.05334851 -0.19890042  0.1646971   0.19964606
   0.34273207 -0.12956709]
 [ 0.06125348  0.12054161  0.19571543  0.34020415 -0.01229602  0.34019917
  -0.09100372  0.25180507 -0.25465852 -0.33296952  0.21222991 -0.28255785
   0.13257527  0.04761225  0.28238046 -0.03909469  0.02303831  0.15412104
   0.342487   -0.06662568]
 [ 0.09147773  0.13343117  0.28814167  0.1649345  -0.3210514   0.2041328
  -0.3041468  -0.16474193 -0.06146964  0.2546926  -0.04908301  0.21134138
   0.14262319  0.07049993 -0.3257398   0.06141958  0.0047157   0.2305929
   0.06571607 -0.25044143]
 [-0.05014163  0.04833896  0.24675441  0.20471829  0.14197783  0.08203009
  -0.135916   -0.31588203 -0.16771255  0.17698193  0.28688538  0.04319695
   0.32084346 -0.01626128  0.14427903  0.28440428  0.21604264 -0.32695493
  -0.22152147 -0.17725582]
 [ 0.31977707 -0.24586658  0.09130344  0.15679134 -0.33480042 -0.20643103
   0.30507296  0.1939714  -0.20944072  0.21971369  0.21056916  0.19085282
  -0.20651643  0.27748424  0.30278176  0.15191397 -0.15040423  0.08333096
  -0.26328254  0.11485603]
 [-0.18730333 -0.15252432  0.21273774  0.2554737   0.06432079  0.27158707
  -0.11766306 -0.08372253 -0.110236    0.13030455  0.2530154   0.21088475
   0.04479393 -0.02052665 -0.17756942  0.03969553  0.16908589  0.13567027
  -0.03724772 -0.2913755 ]
 [ 0.04407192  0.04908916  0.16192567 -0.34847957 -0.14090906  0.13453647
   0.08077347 -0.17673402 -0.12746143 -0.21005346 -0.06578153  0.1153942
  -0.05282092 -0.09923932  0.16703975  0.24713689  0.20507763  0.32797247
  -0.24673644 -0.02319375]
 [-0.04745735 -0.0147099   0.2132926  -0.20782112 -0.17131642 -0.33105162
   0.24029523 -0.09493148 -0.0962697  -0.1419717  -0.02153426  0.01582974
  -0.3325839  -0.20823845  0.05945757  0.01288751 -0.3034251   0.21532935
  -0.30322322  0.1325377 ]
 [ 0.30639523  0.15203643  0.19094455 -0.1524317   0.20092604  0.11113486
   0.1497457  -0.23733859  0.06501871  0.3186763   0.13634464 -0.26187658
   0.3328563   0.0099245  -0.1244871   0.3184225  -0.26514152  0.23588353
  -0.01469001  0.29319936]
 [-0.2871732   0.23591787 -0.3322757   0.08944975 -0.19248743  0.2824238
   0.31385505  0.27119255 -0.08323789 -0.29527122 -0.30979842  0.11139989
   0.2574705  -0.10467774 -0.09019762 -0.25787508  0.05051955  0.18626308
   0.15344955 -0.22985259]
 [ 0.2551738   0.20346637  0.14594927 -0.25550976 -0.16658777  0.05539939
  -0.19804461  0.24138355 -0.19484416 -0.09573787  0.03402818 -0.29984805
   0.3407446  -0.22333643 -0.02422243 -0.31855538 -0.20724076 -0.05127704
   0.07604753 -0.17486747]
 [-0.0133497   0.1006799  -0.28831673 -0.27259263  0.07575176 -0.19124237
  -0.07185665 -0.05304018 -0.22949398  0.28546    -0.13394417  0.184407
   0.13814783  0.20462877 -0.0666911   0.00322053  0.0653486  -0.12570052
   0.3200683  -0.01965731]
 [ 0.21625586 -0.04937698 -0.20174344 -0.29182455 -0.25942463 -0.30657926
  -0.06635585 -0.3236737   0.26183558  0.15517032  0.04619844 -0.18256912
  -0.24298796 -0.01529256  0.14529845 -0.3140505   0.31926814  0.30592084
  -0.21113378  0.18564445]
 [ 0.27632248  0.02569206 -0.07418728 -0.18652768 -0.36405537 -0.31961322
  -0.08278444  0.33938426  0.05652693 -0.05916768  0.26323143  0.32327932
   0.03091961  0.28962952 -0.02096984 -0.03576851  0.04280023 -0.2580927
  -0.07045564  0.18795401]
 [-0.05796107  0.2114411  -0.04471216  0.24130672  0.11818483 -0.16762401
   0.07477987  0.11394697 -0.21224517 -0.02127954  0.0808733  -0.11517303
   0.02962774  0.09200108  0.08542258 -0.19344044 -0.06910961  0.0629878
  -0.09284743 -0.33836046]
 [-0.21520552 -0.01073088  0.13701734  0.1938445  -0.259649    0.12463924
   0.15871143 -0.16039601  0.22844929 -0.31915477 -0.21500283  0.19232059
   0.150493   -0.11706114 -0.3069871   0.2998659   0.22089872 -0.2017142
   0.32401913 -0.08381388]
 [-0.11497867 -0.30971184 -0.14062102 -0.21873377 -0.10714884  0.2570126
   0.27704626  0.29709685  0.05412889 -0.33714664 -0.1555533  -0.24449506
   0.3410164   0.1260939  -0.22158188 -0.01694232  0.10990353 -0.17768776
  -0.20963198  0.05078143]
 [-0.25708562 -0.1033392   0.2973917   0.34935066  0.15361612  0.10679331
  -0.23618397 -0.14991675  0.1613645  -0.12390253 -0.10986975 -0.18412058
   0.32898486  0.02554694 -0.00617075  0.14541358  0.3319033   0.12138855
  -0.23916636  0.07755977]
 [ 0.03318779  0.01565705 -0.21549593 -0.06337736 -0.06160459  0.04305136
   0.12437519 -0.24142277 -0.13740675 -0.32967797 -0.20627211 -0.11103606
   0.32917553  0.14171195  0.07997391  0.17772633 -0.07600317 -0.28849554
   0.13368496 -0.2253589 ]
 [ 0.03420694  0.08964217  0.20230198 -0.04251136 -0.16979213  0.21845359
  -0.1540211   0.23536003  0.056546   -0.02233383 -0.289268   -0.10657832
   0.2511148  -0.08067492  0.0959627   0.25018805 -0.1647494  -0.1576042
  -0.24593064 -0.13895962]
 [ 0.02794993 -0.35199347  0.1416226   0.00737602 -0.32534862 -0.08375746
  -0.02708426  0.27590442 -0.13697521  0.20694333  0.11480889  0.01771659
   0.2986096   0.23736328 -0.07779589 -0.22209509 -0.07726617  0.11166963
   0.09444626  0.25611252]]
[ 0.02099962 -0.02108584  0.          0.01050597 -0.02356585  0.
  0.          0.          0.          0.          0.01608495  0.
  0.          0.          0.          0.         -0.00799333  0.
  0.00484075  0.        ]
[[-2.39141844e-02  3.16517754e-03 -2.70690560e-01 -2.99078017e-01
   3.54243398e-01 -4.94796664e-01  1.08001031e-01  4.15222645e-01
  -4.36514355e-02  4.96181488e-01]
 [-2.03360617e-01 -1.86306443e-02 -1.41948789e-01 -2.51420081e-01
   1.26322255e-01  4.92866576e-01  4.73463267e-01  1.42835349e-01
   1.33573204e-01  1.30386576e-02]
 [-3.50628048e-01 -3.43725324e-01  2.54134804e-01 -3.22356522e-01
   5.73899634e-02 -2.72162229e-01  4.43971127e-01 -3.53396237e-01
   1.98132068e-01  4.12898481e-01]
 [-9.83154848e-02 -3.09758693e-01 -1.65878415e-01 -1.57407641e-01
  -3.73703152e-01 -6.65858090e-02 -1.08384870e-01  5.85007817e-02
  -1.09406367e-01 -3.37151766e-01]
 [ 2.51548827e-01  1.47642335e-02 -2.79726386e-01  3.26954097e-01
   3.24559152e-01  1.89502269e-01 -1.21860407e-01 -3.65303546e-01
  -1.39080077e-01  5.18021435e-02]
 [-4.46537137e-02 -2.97902167e-01  1.67385221e-01 -6.48805797e-02
   1.51190326e-01 -2.09301054e-01  1.64543629e-01 -1.06515191e-01
  -9.49497297e-02 -1.34303600e-01]
 [ 2.27924183e-01 -4.26659197e-01  2.57712036e-01  1.16965957e-01
  -3.57937247e-01 -9.59381908e-02  1.75956022e-02 -1.34397238e-01
  -1.47893697e-01 -9.62522998e-03]
 [-2.29542539e-01 -3.19856584e-01 -2.96069890e-01 -2.00872496e-02
   2.74641695e-03  2.11281583e-01 -1.38443202e-01 -1.48117930e-01
  -1.41279697e-01  1.40365940e-02]
 [-3.87684822e-01 -1.69128552e-01 -1.31912470e-01  3.12761664e-01
   1.32341698e-01 -3.23069960e-01  6.60956427e-02 -3.85917842e-01
  -8.08094814e-02 -5.85425980e-02]
 [ 4.61378843e-01  3.79871905e-01  3.30286652e-01 -4.10670877e-01
   3.81695420e-01 -3.40998739e-01 -2.04328179e-01 -3.49046260e-01
   4.39587869e-02  3.41429949e-01]
 [ 2.69378066e-01 -2.67821670e-01 -6.34597316e-02 -2.32546613e-01
   3.06493282e-01  9.59369391e-02  6.25131875e-02 -4.10514265e-01
  -4.65815306e-01 -2.57957488e-01]
 [ 3.33720356e-01  1.72839746e-01 -8.37711021e-02  3.56245458e-01
   4.29161996e-01 -2.77614743e-01  3.59098166e-01 -4.36927490e-02
   4.06752348e-01  2.10010439e-01]
 [ 3.98708791e-01  1.17534779e-01 -1.10052623e-01 -4.25975561e-01
   3.14994901e-01 -1.30170912e-01 -1.64077163e-01 -1.33043319e-01
  -1.03096597e-01 -7.17325285e-02]
 [ 1.14926070e-01 -1.53612688e-01  4.18453544e-01 -2.77215242e-01
  -1.25534996e-01 -2.50985295e-01 -3.11892956e-01  1.04597239e-02
   1.89059466e-01 -1.34203970e-01]
 [-2.56977826e-01  8.97388533e-03 -2.98459665e-04  7.80616105e-02
  -2.12156415e-01 -9.03052017e-02  3.73494774e-01 -1.70679182e-01
  -1.74560025e-02  4.78377581e-01]
 [ 2.86362395e-02  1.82380602e-01 -1.91885918e-01  1.74920633e-01
  -2.84229517e-01 -2.34980434e-01  3.72069925e-01 -2.30962709e-02
  -1.88781261e-01  8.45042914e-02]
 [-1.26095742e-01  1.85526222e-01  3.27733189e-01 -2.45581940e-01
  -1.98701516e-01 -1.42220527e-01  9.69406813e-02  6.94508711e-03
  -1.86267763e-01 -1.27449334e-01]
 [ 3.05814058e-01 -7.74783641e-02  4.47052211e-01 -8.54361951e-02
  -1.93162501e-01 -2.04853758e-01 -9.50573161e-02  2.50809371e-01
   1.47167314e-02 -2.12636404e-03]
 [ 2.49943763e-01 -6.02648035e-02  2.09354013e-01  2.74016321e-01
  -4.03211057e-01 -3.87116909e-01  1.12259142e-01 -3.11482966e-01
   3.05936426e-01  2.07151026e-01]
 [-2.99492985e-01  4.07840610e-01 -3.47284555e-01  1.23135140e-02
  -1.98789269e-01  9.06318277e-02  3.14713866e-01  1.08729713e-01
   1.36646122e-01 -3.70483220e-01]]
[ 0.0328754  -0.02034854 -0.00777523 -0.01249924 -0.03861101 -0.05565384
 -0.01794412  0.05113978  0.00724186 -0.05660654]
[[ 0.20547989]
 [ 0.34108323]
 [ 0.13136321]
 [ 0.30590504]
 [-0.7086224 ]
 [ 0.6479376 ]
 [ 0.5318493 ]
 [-0.22500272]
 [-0.04608713]
 [-0.67378676]]
[-0.00097962]
-----------------------------------------------------

Train Loss: 0.4256
Test Loss: 0.3846
Train Accuracy: 0.8484
Test Accuracy: 0.8772
F1-Score (Weighted): 0.4780
-----------------------------------------------------
